303.72260 26.9
305.19790 74.0
311.16920 143.0
316.14690 42.4
321.20740 101.5
326.34410 52.9
329.14490 19.2
330.84700 16.4
332.56410 42.4
334.15530 585.0
335.27490 221.6
337.17060 37.6
339.06110 73.1
341.15070 167.1
342.33830 11.7
344.29850 74.1
347.15570 57.5
348.01110 16.1
350.26800 43.6
351.96230 1015.5
352.66260 75.9
353.32290 75.6
357.24770 86.1
358.14690 82.4
361.54110 22.3
363.08730 32.7
365.20530 26.9
366.23100 206.4
367.98290 25.4
370.93660 17.7
373.22710 40.6
375.31840 524.5
376.10550 57.9
379.19880 25.4
380.17470 95.8
385.25320 56.0
387.63300 20.7
391.28180 56.3
392.09810 82.2
394.46250 30.7
396.13470 29.2
397.75600 14.8
400.09770 71.7
402.96360 19.1
404.21940 67.9
407.14920 55.5
411.29930 55.9
413.09050 151.8
415.28060 122.6
417.23670 13.0
418.39500 41.6
420.09530 16.1
421.25290 29.4
423.53330 22.3
424.45940 20.7
428.11280 102.2
429.31350 47.7
430.04630 27.7
432.27030 25.4
433.34680 48.1
434.34520 150.7
436.88240 116.7
437.60190 171.2
439.00780 17.1
441.32840 36.3
442.46700 84.5
443.21880 55.5
447.24130 28.4
448.03170 30.9
449.22080 75.4
450.26670 22.3
451.23650 33.1
453.34230 50.8
457.16480 90.0
458.77810 60.9
460.17180 202.5
460.96690 101.2
462.34750 307.2
463.55570 113.1
465.16390 1329.2
466.23320 256.2
467.08510 24.0
469.25190 98.1
470.50180 82.6
471.33150 113.0
472.62800 48.2
474.33460 108.7
475.43690 31.2
476.42680 134.2
479.40840 411.6
480.09400 20.7
480.71660 35.4
482.40500 121.6
483.29300 37.4
485.08490 71.4
486.12150 33.9
487.14650 57.7
489.31790 81.8
490.15740 19.2
491.53010 34.6
492.24650 44.9
494.21980 21.8
496.40960 56.9
498.21370 171.0
501.45950 91.5
502.36180 114.8
504.45720 31.5
506.40840 98.5
507.45760 52.4
509.25750 17.8
509.98300 47.0
511.23840 141.4
514.06320 60.1
515.34960 16.4
517.33840 54.5
519.31050 1893.6
520.42140 306.6
521.31100 102.0
523.52980 68.4
524.23630 126.1
525.39020 61.5
528.25880 17.7
529.59350 48.3
530.63290 66.5
531.55970 42.1
532.55230 131.9
533.23910 404.2
534.36300 99.0
535.42550 120.4
537.42210 57.6
538.25520 57.7
539.12570 29.2
542.02500 82.4
545.26430 20.2
546.39330 29.7
547.55600 96.4
548.39580 200.2
550.54720 651.7
551.27260 231.6
552.35610 35.7
553.25670 66.8
558.37790 36.9
560.43030 250.3
561.50150 108.2
562.49290 82.0
564.53890 111.4
565.23290 26.9
566.44940 58.6
569.28370 128.2
570.35600 141.7
571.19620 164.0
572.47690 17.7
573.30160 37.1
574.63040 37.0
575.24710 77.2
576.22950 77.6
578.25170 3022.2
579.41440 1354.3
580.40030 116.5
581.41190 109.7
582.25540 102.1
585.22660 28.5
588.24580 384.2
589.22470 361.1
590.48250 70.7
591.35450 14.6
592.63150 294.4
593.65360 152.4
594.46020 273.1
595.27980 22.3
596.25670 71.3
597.29360 31.5
600.47630 84.8
601.55530 60.6
602.22460 76.5
606.36790 5310.8
607.40250 872.1
608.25230 447.5
610.22360 79.5
616.45860 32.3
619.43990 108.7
622.50350 121.0
623.23130 54.3
628.31130 194.6
629.09440 80.8
632.45180 144.1
633.59580 96.1
634.36550 227.2
635.71850 41.5
640.41690 16.2
641.15640 67.2
641.99870 58.3
644.32400 129.8
645.20310 45.7
646.76920 395.9
647.71460 133.0
649.82670 87.7
650.64850 26.9
651.55530 19.2
654.52860 84.0
655.44540 92.0
657.85320 61.4
661.24880 227.6
662.44460 476.6
663.62220 255.1
664.36490 48.0
665.52910 39.3
666.58440 96.3
669.72580 233.3
670.38990 170.9
671.69450 149.1
672.30900 71.8
674.32260 44.0
675.57670 113.9
677.52400 57.2
678.80420 180.5
679.51340 420.4
680.30700 126.8
682.37410 37.7
683.25620 25.6
684.34530 71.6
686.66660 19.2
689.50040 649.6
690.65690 344.2
691.59170 302.8
692.53230 137.1
693.25950 832.3
694.33840 187.9
695.62590 64.6
696.71740 61.6
697.55570 14.6
698.28560 78.6
700.68040 153.9
703.94740 161.3
705.61150 103.9
706.33450 61.8
707.35170 5435.3
708.48300 1731.5
709.61530 326.5
711.39060 63.1
712.33730 16.2
717.44440 16.1
721.39990 77.9
722.41790 142.5
723.18240 219.0
727.55890 26.9
728.70460 50.7
730.34230 81.1
731.50760 56.9
734.69100 34.7
735.54630 350.8
736.22060 84.2
737.52500 46.7
740.58670 92.9
743.43310 81.1
744.24920 109.4
745.29430 26.2
748.89930 298.3
749.80040 59.3
750.49480 107.7
751.49740 30.7
753.45010 1223.2
754.41890 471.2
755.59680 81.7
756.68950 20.8
757.62970 13.0
759.73220 38.9
760.55080 17.1
761.57480 489.9
762.64280 120.0
763.44310 56.9
764.58070 197.2
766.67350 60.7
767.54360 554.5
768.42290 109.9
769.28710 266.0
770.68850 108.7
772.36490 68.2
773.48550 69.0
774.87290 305.1
775.82750 211.6
776.70560 71.2
778.43480 2369.2
779.45960 645.4
780.49240 83.2
781.54600 117.6
783.46610 14.5
786.38390 170.8
788.50590 533.7
789.45510 502.1
790.17360 60.1
792.46440 673.7
793.37450 380.9
794.58680 109.7
795.29880 78.8
796.51290 58.6
797.58350 331.1
799.42040 79.1
802.76860 22.3
803.79650 196.7
806.37790 9991.5
807.44380 4577.3
808.44120 347.0
810.45920 13883.2
811.38870 5603.2
812.36630 1219.7
813.43130 468.2
814.58010 25.4
816.33810 82.7
818.47770 26.9
820.58840 172.2
821.69960 42.4
823.44470 51.4
825.21330 32.3
826.47740 190.7
827.08560 30.1
828.43810 16.1
829.64730 187.5
830.49980 118.0
831.55200 204.2
832.61940 118.1
835.48180 69.7
836.91410 58.6
837.89100 81.5
839.54390 30.8
840.59860 31.2
841.53700 63.1
842.70860 101.8
844.46660 41.5
846.01710 116.1
847.49190 33.1
848.70040 232.6
849.42240 540.8
850.39540 256.2
851.97440 461.4
852.71480 86.5
853.90230 447.2
856.40280 9.9
859.58740 196.5
860.58340 278.5
861.64000 269.5
863.27000 34.1
864.42470 298.7
865.42760 80.8
868.41890 136.1
869.31300 27.9
873.44460 87.2
877.49540 8529.2
878.56430 4645.8
879.47900 1167.3
880.52880 394.0
882.19270 136.9
885.03660 85.8
886.04590 36.9
886.85740 71.6
889.35530 117.9
890.66410 14.5
892.49610 266.0
893.54470 375.9
894.54550 325.2
895.47390 194.5
896.56480 267.9
897.93460 226.0
899.50950 266.3
901.39330 52.4
902.19430 19.2
903.81420 153.9
906.45320 172.6
907.60800 463.1
908.51090 273.2
909.44460 114.1
910.17970 27.9
911.13130 29.2
912.05660 66.3
913.35290 148.4
914.20680 22.3
915.51260 201.5
916.76280 148.0
917.67130 155.2
919.10670 24.8
924.05870 114.3
925.44570 4134.8
926.41830 1582.3
927.45420 522.5
928.62720 203.4
929.29920 56.9
932.00350 86.7
933.33540 158.0
934.03310 134.9
934.90520 160.4
936.79650 115.8
938.20250 234.2
940.07340 113.8
942.09740 425.6
942.94420 58.3
943.84360 54.9
944.72250 153.4
945.84990 190.2
947.08940 172.3
948.21580 89.4
949.31880 40.9
950.41110 418.9
951.79420 405.0
952.51390 25.2
953.70430 88.8
954.55290 78.6
956.39210 66.0
958.17200 209.2
958.78100 52.1
960.19370 81.5
961.63450 19.1
962.68190 49.7
963.84610 73.0
966.97090 16.0
967.88960 22.2
968.78810 105.8
969.60140 90.2
970.28370 42.4
971.84720 403.4
972.88330 265.6
974.10310 51.9
974.72130 128.5
976.37820 1268.9
977.58460 185.7
978.50710 131.8
979.13230 46.1
979.75570 154.6
980.46980 241.2
981.27580 37.7
982.32180 104.1
983.69150 23.9
984.36430 274.3
987.31480 56.3
988.33810 86.4
989.11580 255.2
990.28500 685.1
991.88330 96.2
993.67160 228.4
994.60420 174.2
995.54630 145.2
998.67970 1086.4
999.51900 342.1
1000.17630 207.3
1001.61320 1823.0
1003.46120 178.3
1005.41020 4985.5
1006.48930 3338.8
1007.51780 1257.6
1008.35860 1355.9
1009.52730 597.7
1010.77660 281.0
1011.76370 227.1
1012.38540 28.9
1014.58280 150.8
1015.33470 85.0
1016.98240 426.3
1018.11630 258.6
1019.67370 35.6
1020.56910 14.6
1021.91750 286.5
1022.84190 242.7
1023.80140 219.5
1024.55330 386.4
1026.39180 7254.6
1027.43800 5121.8
1028.17630 2880.4
1028.79710 1505.7
1029.49800 48.6
1031.63000 135.3
1032.40450 84.0
1033.78550 160.8
1034.59990 22.4
1035.44590 283.1
1036.60520 423.0
1037.38820 256.0
1038.83810 187.9
1039.43870 96.4
1040.44570 195.7
1043.59520 59.9
1044.54500 651.5
1045.60800 719.1
1046.50710 3116.8
1047.78100 320.4
1049.42750 282.6
1050.08540 553.6
1050.73800 345.5
1051.38750 194.4
1052.40910 36.5
1053.42400 902.8
1054.24820 2131.6
1055.15720 295.1
1056.05090 22.2
1057.38150 16.1
1058.17210 84.8
1059.27450 1273.4
1059.92350 21.4
1060.73350 310.0
1061.56020 606.7
1062.71440 4687.5
1063.64050 2635.6
1064.43810 669.9
1067.47670 40.3
1068.79150 347.0
1070.70180 708.3
1071.63790 1190.7
1072.68040 34.1
1079.42080 83.5
1081.93050 2167.4
1082.62430 1536.2
1084.68480 107.1
1085.56520 57.6
1091.61070 120.3
1092.82710 160.7
1094.31290 138.2
1095.26270 340.2
1096.40320 295.1
1099.34670 170.0
1100.35690 15.5
1102.05150 298.8
1102.71010 13.5
1106.83630 116.8
1107.51950 77.9
1108.74950 157.5
1110.58730 49.4
1111.66920 50.2
1114.67110 259.1
1116.57460 135.6
1117.49550 248.9
1118.29440 215.9
1119.43190 185.0
1120.43240 128.2
1121.08010 14.5
1122.98190 170.6
1124.38940 41.6
1125.22620 114.4
1126.40380 86.2
1129.29090 118.1
1130.87180 79.4
1132.31750 608.7
1134.39600 6144.6
1135.49380 3572.4
1136.75850 1719.0
1137.45850 1780.7
1138.55420 1377.6
1139.48430 58.3
1140.52420 152.5
1142.23360 87.6
1142.84690 22.2
1143.60330 46.4
1144.48050 177.7
1146.44680 33.9
1147.10330 269.7
1147.90650 132.4
1148.69030 13.0
1151.32470 200.4
1153.56670 56.1
1155.40840 6077.1
1156.42290 2820.1
1157.50920 1120.6
1158.39890 200.6
1159.58960 20.8
1160.69030 153.6
1162.50760 17.7
1163.61630 75.8
1164.40280 90.7
1165.68480 125.5
1167.53170 39.3
1174.97830 87.7
1175.98270 171.9
1177.26710 258.5
1181.61910 138.8
1185.33360 95.5
1186.27920 157.5
1187.78960 54.7
1190.80070 125.5
1191.68640 254.2
1192.67650 257.5
1194.48550 354.2
1195.49240 144.9
1196.45240 87.6
1199.30160 72.8
1200.53000 117.6
1201.62670 111.1
1202.76120 114.4
1203.87390 274.9
1204.49890 116.5
1205.13720 30.0
1205.74960 84.4
1206.45800 57.1
1207.56960 40.0
1208.50390 294.7
1210.73880 225.7
1212.13060 290.9
1213.50820 49.1
1214.65880 60.9
1215.28270 40.1
1216.27600 19.2
1217.59400 1131.1
1218.45890 463.5
1219.65110 62.3
1220.30420 63.8
1221.45150 97.6
1223.64280 89.1
1226.33370 149.1
1227.38280 55.8
1228.35690 24.6
1229.71510 61.6
1230.51550 51.1
1234.26700 176.4
1235.59470 2798.0
1236.52880 2138.1
1237.53100 434.1
1238.93200 37.1
1240.73550 20.8
1243.06740 124.6
1245.07590 62.3
1247.24270 372.1
1248.74690 204.9
1249.56100 137.5
1250.79860 223.4
1252.82780 78.3
1254.99730 78.3
1265.38220 1187.9
1266.38120 3955.2
1267.56630 2634.3
1268.44020 664.1
1269.48140 273.1
1270.39380 122.6
1271.43160 27.0
1272.50220 37.8
1273.54410 14.5
1275.32300 128.1
1283.51350 4686.6
1284.44290 1977.0
1285.47060 790.6
1286.52750 109.4
1289.82740 40.9
1292.79980 213.0
1294.64210 26.3
1295.80710 38.9
1297.01510 43.2
1301.01280 109.1
1301.71770 23.7
1302.73500 39.1
1303.65600 53.7
1305.14620 165.9
1306.58150 74.9
1307.90040 443.1
1310.35460 266.7
1312.39050 66.9
1313.57790 281.2
1315.61720 27.8
1316.98110 76.7
1318.50620 196.6
1319.44490 781.7
1320.46460 392.5
1321.45870 268.0
1323.30920 320.8
1324.11790 275.2
1325.61770 39.3
1326.49460 40.9
1327.27750 86.6
1329.69840 195.5
1332.53500 998.4
1333.47550 1091.2
1334.49150 249.5
1335.67850 106.9
1336.38280 1023.0
1337.47550 556.7
1338.23670 863.5
1338.93990 32.5
1342.42360 108.3
1343.93730 37.2
1346.85530 66.6
1348.32510 45.4
1350.52430 9561.2
1351.58960 5907.6
1352.46770 2116.4
1354.41580 11872.6
1355.43520 9449.2
1356.64880 3018.4
1357.52990 790.9
1359.21330 138.8
1362.08040 174.7
1366.59790 17.7
1371.49870 98.3
1373.70690 51.6
1374.35790 180.5
1375.01490 126.9
1375.87730 25.4
1377.41130 54.5
1378.68190 86.5
1381.07780 195.5
1383.66150 126.7
1389.48940 120.1
1390.44350 115.3
1391.77800 144.4
1392.74770 25.4
1395.85000 35.5
1396.73270 17.6
1398.29540 114.9
1399.58700 42.4
1400.50000 175.7
1401.41130 85.7
1403.63950 22.3
1404.49130 26.9
1405.95720 287.6
1406.59640 7.9
1407.63070 971.0
1408.51600 1004.0
1409.47990 65.6
1410.85780 108.3
1412.27330 20.0
1413.89890 72.4
1416.14070 110.1
1417.14620 273.2
1418.50020 79.9
1419.59190 66.3
1426.49210 28.4
1434.69790 28.5
1435.66810 264.2
1436.55290 497.0
1437.57960 406.8
1438.44730 170.2
1441.16960 126.4
1442.77150 409.3
1443.58190 43.9
1444.78080 58.7
1446.29740 37.7
1451.51110 72.6
1453.56750 5804.4
1454.44190 3917.1
1455.58530 1319.0
1456.62900 248.9
1458.83480 25.4
1461.85740 289.4
1462.47060 18.0
1465.68510 88.1
1468.01110 27.0
1469.86080 32.4
1473.02040 129.9
1473.70400 145.2
1474.83510 17.7
1478.74070 41.7
1481.63400 111.5
1484.74270 35.9
1485.95080 88.7
1487.64510 68.3
1491.19200 77.7
1498.63820 99.8
1502.55860 30.3
1506.47960 136.6
1507.79330 19.2
1508.85140 132.6
1509.75130 274.3
1510.58970 108.1
1515.83850 70.3
1520.52920 33.9
1522.33220 17.7
1523.50820 11.5
1524.80480 37.6
1526.52500 341.2
1527.53920 70.7
1528.69780 299.8
1534.50380 54.8
1536.59460 389.4
1537.61760 446.8
1538.57820 240.3
1539.62120 179.0
1545.94960 114.6
1546.59310 45.5
1547.57600 324.6
1548.36510 197.6
1549.35660 65.7
1549.96590 84.8
1550.98680 72.2
1551.89760 16.6
1552.56790 20.7
1554.50220 6069.6
1555.60940 4229.5
1556.72010 2071.4
1557.73250 205.3
1564.51290 1119.8
1565.63000 1087.5
1566.79430 225.7
1567.46150 237.3
1569.98380 20.4
1570.60060 55.6
1571.55460 45.1
1576.60950 316.2
1577.76010 47.1
1582.61900 5076.5
1583.50210 2948.5
1584.66810 1573.7
1585.64810 347.7
1586.43650 28.3
1588.07920 384.1
1588.98360 210.4
1589.69730 957.8
1590.73680 302.5
1591.65310 86.0
1592.57340 19.2
1594.39670 22.2
1596.47600 66.4
1597.77770 54.1
1605.54680 79.4
1606.96670 50.1
1615.68810 15.4
1618.36890 33.1
1623.57360 310.7
1624.58690 655.8
1625.55140 144.4
1626.50160 53.3
1627.34300 164.9
1631.28150 41.6
1638.82820 45.7
1639.69640 47.8
1641.63640 1611.7
1642.54590 1640.0
1643.58890 1452.3
1644.71560 94.1
1646.32310 54.4
1647.28140 43.2
1651.59880 47.9
1652.54970 62.4
1657.70810 170.4
1659.77770 30.8
1664.47290 131.4
1665.37630 68.1
1666.59290 27.0
1667.32950 28.4
1670.43660 30.1
1677.52500 79.9
1678.34120 156.0
1679.96170 163.4
1680.59990 28.5
1681.59400 159.7
1682.68630 155.3
1691.58000 25.6
1693.69540 106.7
1695.65660 1661.8
1696.62880 1677.7
1697.48940 742.2
1698.59640 899.4
1699.62020 232.3
1700.54460 142.2
1701.58860 218.7
1702.73380 81.5
1703.94810 48.5
1707.07790 19.4
1712.38840 50.8
1716.58130 95.1
1717.95830 41.6
1735.63060 41.8
1745.68040 39.3
1750.41830 105.9
1754.48770 18.1
1757.95100 66.3
1758.59900 39.3
1764.46470 70.2
1767.48080 285.6
1768.80920 190.8
1769.48170 52.0
1773.94230 61.8
1785.44460 775.5
1786.39900 471.4
1787.88160 389.0
1788.84060 54.8
1790.57400 120.4
1791.36010 121.7
1792.74180 80.6
1803.96360 56.3
1804.70530 140.9
1805.61950 44.7
1808.70760 2128.4
1809.67740 1077.9
1810.69210 894.1
1812.03820 124.7
1812.80830 97.8
1814.80700 30.0
1829.77800 17.7
1836.69740 37.0
1837.70300 25.4
1841.71170 96.5
1863.66560 64.4
1867.96030 31.5
1877.53990 77.6
1882.27110 770.4
1883.12440 478.7
1883.95540 971.7
1884.79190 350.7
1885.52940 76.4
1888.69150 68.0
1895.73690 63.0
1900.72060 4223.1
1901.64730 4209.6
1902.74280 2984.2
1903.60530 1042.1
1906.02420 695.3
1906.69420 501.4
1907.69250 576.8
1908.40880 41.2
1909.01060 48.6
1909.68810 35.5
1923.52470 2131.4
1924.80550 3622.3
1925.71900 1458.5
1926.76790 277.4
1934.02430 33.1
1975.97060 78.6
1982.69860 77.3
1995.65650 138.8
1996.62120 149.5
1997.88440 163.2
1998.85290 160.1
