311.1587 17.6
316.3020 12.3
318.3377 23.1
326.4828 14.5
327.3531 13.6
328.8122 33.3
330.3319 15.8
333.2047 53.8
333.9672 16.6
335.2196 28.5
342.1451 36.9
344.1822 13.6
346.4068 49.0
348.2516 9.9
350.3420 88.7
352.3492 256.5
353.3215 33.0
357.5855 23.5
358.4041 56.0
366.2417 7.9
367.2336 44.0
370.5093 13.6
371.2972 36.6
372.3296 18.3
375.2819 120.4
377.0196 24.6
379.4535 33.2
380.9635 29.6
381.7806 7.5
383.1870 13.0
386.0461 15.5
387.4413 114.9
388.4421 20.9
389.1383 8.1
393.8260 8.3
397.2781 24.6
402.5453 31.2
403.3096 38.4
405.2108 24.4
411.1605 10.2
412.3147 12.0
413.6035 24.5
414.2250 22.9
415.0726 36.2
419.2881 10.0
426.4150 25.4
428.6582 26.7
431.4143 13.0
435.3483 13.0
436.5251 34.2
438.0918 62.7
439.1595 10.2
439.9567 24.5
441.4447 61.3
442.3838 51.4
447.5569 126.7
448.3202 23.3
451.3856 11.1
453.1978 10.7
454.2346 28.1
455.1152 27.0
456.3754 36.1
458.2933 46.8
459.4044 18.3
460.2315 22.3
461.4084 23.3
462.3991 48.6
463.1548 58.7
465.3264 313.4
466.3756 49.9
467.2188 8.7
468.3067 12.4
476.3833 33.3
477.2314 19.4
479.6970 25.2
480.4884 16.1
481.4590 11.7
483.4624 35.6
484.5749 25.4
486.0795 14.5
488.5075 24.5
491.6668 63.5
492.4806 7.6
493.1349 41.5
495.5470 25.7
496.8639 64.8
497.6437 15.7
499.1072 12.4
500.4160 38.0
501.5938 28.9
503.3101 78.0
505.1020 23.6
506.6656 6.3
510.0437 16.2
511.6725 15.7
512.4758 19.3
515.4420 33.3
519.2549 209.2
520.3870 82.3
521.0554 12.1
523.1486 15.8
524.3879 6.9
525.4570 35.4
528.4387 47.6
530.5795 9.0
531.1848 39.7
532.2635 62.1
533.3556 84.2
535.1117 83.5
536.1893 50.5
537.6664 21.2
541.4720 18.2
545.0580 21.7
548.4243 17.9
550.3359 146.7
551.4350 38.8
552.3037 50.1
553.3517 29.4
554.3474 80.2
556.2488 20.0
557.4232 23.6
558.6777 46.4
560.4001 70.3
561.6425 79.0
562.5691 24.0
563.4913 28.2
564.5072 109.2
570.7121 79.5
571.4117 80.9
572.5035 40.0
578.4044 756.6
579.4500 206.2
580.4649 10.5
581.7078 57.3
584.3776 62.4
585.3059 22.2
587.3957 109.5
588.2842 40.2
589.0975 69.5
591.5942 20.9
592.6136 90.6
594.4316 173.7
599.6069 25.1
600.3563 16.7
601.2324 17.7
602.3529 95.0
606.4110 913.7
607.4639 132.4
608.3697 87.3
613.8331 29.9
614.4918 9.1
615.5222 27.2
616.3737 5.7
617.1563 13.4
620.6378 16.3
623.5295 22.8
624.2889 51.8
625.3517 12.5
626.2443 11.2
628.2653 76.1
631.5369 22.8
632.3433 54.9
633.0657 17.6
634.3038 53.2
635.3999 45.3
638.3955 13.3
641.7883 26.4
642.4762 16.9
644.4779 107.4
647.3667 62.4
649.6491 9.6
650.3703 21.5
651.2503 21.4
656.2398 27.3
658.4498 37.2
659.4232 63.3
660.4706 16.8
661.5399 58.7
664.1769 105.4
667.4586 43.4
669.4175 74.1
670.4457 19.1
671.5049 20.0
672.4886 14.5
676.6595 60.3
677.5216 36.4
679.3030 70.4
682.3663 46.4
684.3302 22.0
686.3688 17.3
687.6074 8.2
689.5035 151.0
690.2828 14.2
691.6140 41.9
692.8636 148.8
693.6927 61.7
694.3748 51.2
695.3513 17.3
696.2433 17.0
697.2189 80.6
699.3490 27.0
701.3195 24.6
702.3737 10.8
705.4338 28.9
707.4094 1195.9
708.4512 339.2
709.1281 14.0
709.9000 15.9
713.3504 29.1
715.6565 53.2
716.3375 69.7
717.2234 10.8
718.4807 53.2
719.5171 56.0
727.3790 27.5
730.3201 23.9
731.3921 101.1
732.4419 35.6
733.5989 61.8
735.7805 25.4
736.7251 38.0
740.5731 127.4
743.4305 50.1
746.6188 65.0
747.3708 64.6
748.3474 26.3
749.5219 78.1
750.2275 34.4
751.6241 6.3
753.4188 121.1
754.4023 82.7
756.6818 7.0
759.5983 71.1
761.2207 81.2
762.4960 96.3
763.7069 40.9
765.7592 24.2
767.7474 54.6
768.4089 52.5
769.5425 12.4
771.6541 19.0
774.5789 40.1
775.4987 18.6
777.1369 15.5
778.4738 408.4
779.6119 124.2
781.0716 75.9
782.8862 33.6
784.4742 5.1
788.2863 78.5
789.6691 44.3
792.2572 67.0
793.0532 58.4
794.7413 16.3
796.6763 5.7
797.3209 28.8
799.5021 86.4
800.4486 6.3
801.7064 34.8
803.8752 37.4
806.4150 1863.3
807.3759 945.5
808.3859 113.1
809.2948 59.8
810.3795 2472.0
811.4209 793.6
812.5464 269.9
813.1997 42.4
815.8903 5.1
817.5864 42.2
818.3723 90.1
825.9841 21.9
826.8245 17.0
827.8752 36.9
829.4185 19.1
831.6073 52.0
832.4003 63.9
836.2874 34.8
838.2747 30.8
840.5681 12.2
841.2646 13.1
843.6288 104.1
844.5493 25.8
846.0740 58.4
847.8983 68.3
848.6760 14.3
849.5087 168.4
850.5634 73.4
854.4708 14.4
856.9122 66.2
858.4541 45.8
859.6277 39.1
860.4094 123.0
862.1313 112.2
863.3054 81.0
867.4795 30.9
868.8267 27.8
870.4701 14.2
871.6448 22.3
875.1332 23.9
876.2050 20.8
877.3975 1842.1
878.5249 654.6
879.4843 87.9
880.7146 40.0
883.2736 65.1
885.7173 174.2
886.8730 68.7
888.9790 78.6
889.9543 21.4
892.1123 88.1
892.8059 56.1
894.4280 66.6
895.6787 210.8
896.7573 111.1
897.7372 33.3
898.8251 41.9
899.5945 100.1
900.6858 68.9
901.8136 76.8
903.3235 16.0
904.7612 85.6
906.2388 128.4
907.4070 17.2
908.7032 258.2
909.5715 52.5
914.4309 148.6
916.3882 62.5
917.9658 13.6
918.8213 71.8
919.5327 21.0
923.4406 16.2
925.4485 706.8
926.5250 224.3
927.7952 132.2
928.5231 30.2
929.6160 91.0
931.7217 106.5
932.4325 28.9
933.1826 47.3
934.7286 176.1
935.5862 20.4
937.2212 10.6
941.6350 6.9
943.0070 217.7
944.5376 53.2
946.3208 35.2
947.4471 88.9
948.9711 20.5
951.6859 180.4
952.4766 126.7
953.4641 120.2
955.2693 60.3
956.5732 153.4
958.0045 10.6
959.4785 36.2
960.9426 86.3
961.5570 74.8
964.0637 65.9
965.1975 102.9
966.4188 34.2
967.3979 35.1
969.5950 148.3
970.6066 24.6
971.5262 45.4
972.3700 185.2
973.6274 205.4
974.5371 146.5
975.8594 47.6
976.7284 42.3
977.8164 124.2
980.7316 242.4
981.7808 107.5
983.3379 173.7
984.2213 17.3
985.2789 187.0
985.9198 39.2
986.5217 21.1
987.2988 158.9
988.5800 108.4
989.3843 109.6
990.5634 212.0
991.3044 45.1
992.4037 126.2
993.4027 55.3
994.0573 75.8
995.6029 113.9
998.8418 148.6
999.6793 30.1
1000.6405 136.1
1002.4941 86.0
1003.2703 14.3
1004.2662 28.4
1005.4562 943.3
1006.6365 539.5
1007.7429 453.1
1008.6802 66.2
1009.4360 209.9
1010.3850 38.4
1011.5531 125.7
1012.6096 98.4
1016.1874 346.2
1017.4834 6.3
1019.5043 73.1
1020.3320 75.4
1021.4834 37.6
1022.5153 21.7
1023.4360 60.7
1024.0732 165.7
1024.8350 195.0
1026.4602 1539.9
1027.4717 1281.5
1028.6226 211.9
1030.1240 117.0
1031.3054 17.4
1032.1924 143.0
1033.6941 100.7
1034.9475 77.8
1035.6482 248.6
1036.5470 189.3
1037.4619 141.4
1038.6282 7.5
1039.6432 218.7
1040.5732 101.0
1041.9050 85.9
1042.9106 87.0
1043.5675 101.0
1044.6980 135.0
1045.8062 71.2
1047.1465 318.7
1048.3396 246.1
1049.1255 227.9
1050.0448 86.9
1051.4324 5.9
1052.5483 277.8
1053.7998 261.4
1054.7595 131.4
1055.7831 38.4
1056.9093 356.2
1057.7310 102.4
1058.9830 337.3
1059.6116 41.7
1060.5464 314.6
1061.2324 375.6
1062.4794 753.0
1063.3026 835.0
1064.1333 254.7
1064.9933 179.7
1066.3002 137.9
1067.7302 14.3
1093.0873 29.1
1095.2268 37.2
1100.3733 89.9
1103.1638 104.1
1104.5659 62.7
1108.4695 54.3
1110.1121 64.2
1113.6089 28.3
1115.8625 20.5
1116.6925 86.0
1118.5917 54.6
1119.4148 52.3
1120.5913 261.0
1121.6686 152.8
1125.4120 14.2
1134.5146 1556.7
1135.6720 364.7
1136.5670 73.3
1137.4843 336.0
1138.4680 132.1
1139.5286 54.6
1143.2991 14.2
1144.2778 83.8
1148.4231 18.1
1151.7390 36.2
1152.5658 41.7
1153.2083 19.7
1155.4818 954.2
1156.6711 478.3
1157.5914 51.1
1161.9142 118.7
1163.6282 33.0
1167.6655 10.0
1168.5333 62.3
1170.7576 44.5
1173.4261 24.9
1174.3787 22.1
1175.5593 25.3
1176.2555 33.0
1180.4175 31.3
1181.1298 31.1
1187.0107 43.1
1187.8201 133.0
1190.7100 86.0
1191.8359 51.6
1193.1337 99.9
1194.5303 47.6
1195.4219 59.7
1198.6459 55.4
1203.6538 146.8
1205.1621 33.7
1207.4407 28.4
1209.4614 113.3
1210.3833 120.9
1211.0537 8.0
1217.2561 26.9
1218.6281 39.6
1221.0830 42.8
1223.8179 41.1
1226.2510 22.4
1228.5706 35.4
1230.5969 37.9
1231.6113 73.8
1233.0537 21.8
1234.0006 156.8
1234.7887 71.6
1235.6543 414.9
1236.6230 114.1
1237.7162 88.0
1240.6761 14.5
1243.6521 41.4
1244.7476 81.1
1245.6138 11.1
1247.1028 19.0
1248.0004 137.0
1248.7709 197.6
1249.5872 131.9
1250.7820 42.3
1252.9286 51.2
1255.6174 29.0
1259.5911 5.8
1263.6460 5.7
1264.2871 19.7
1265.7893 545.5
1266.6741 981.7
1267.3728 196.7
1268.4305 140.6
1270.6868 60.7
1272.3567 19.7
1274.3969 15.4
1276.8622 15.6
1281.3992 96.1
1282.5632 15.4
1283.5775 946.8
1284.6633 191.3
1285.5640 149.5
1286.5355 29.4
1288.0099 17.0
1289.5665 71.2
1296.5261 66.1
1297.6624 17.4
1299.2625 42.0
1301.6042 15.0
1302.6624 78.4
1306.6890 95.9
1309.2802 94.1
1310.5905 9.6
1313.1543 19.0
1314.2435 48.5
1315.3842 119.0
1316.3739 83.0
1318.0906 22.8
1319.2946 52.6
1320.4824 145.9
1321.8823 6.3
1323.6871 77.4
1324.7709 81.0
1327.5935 15.0
1329.0519 42.6
1332.7140 201.5
1333.7611 133.9
1334.5631 54.2
1335.3905 120.1
1336.3466 270.1
1337.3308 177.3
1338.6515 7.5
1342.1221 31.7
1342.9044 69.4
1348.7325 22.6
1350.5778 1505.5
1351.7250 1063.4
1352.6759 153.4
1353.9974 262.8
1354.6161 2350.5
1355.5868 1506.1
1356.6813 411.8
1357.8458 69.8
1360.3262 10.0
1361.7188 33.0
1362.9921 36.8
1368.1969 112.2
1369.4622 52.7
1370.4078 94.6
1374.4557 54.9
1376.6136 102.5
1378.1326 28.3
1382.7653 14.8
1383.5096 13.7
1384.1934 78.3
1385.7386 17.9
1391.0601 20.6
1392.8405 91.9
1399.0576 96.8
1405.4716 8.2
1407.5345 157.4
1408.1454 60.4
1409.1456 141.6
1409.9070 37.7
1411.2970 9.9
1418.1173 176.6
1418.8181 15.2
1423.7456 51.7
1425.3151 30.0
1428.5739 33.0
1431.1993 25.1
1433.4574 37.2
1435.8573 217.3
1436.5415 12.6
1445.9689 13.6
1448.4232 58.0
1451.5808 18.2
1453.6360 1779.9
1454.6366 808.7
1455.7633 228.7
1457.7411 17.3
1459.6202 24.0
1460.6691 81.4
1467.4948 54.8
1470.7181 66.9
1477.2562 23.8
1478.5675 7.5
1480.0725 30.9
1481.2281 47.5
1487.9161 75.2
1488.5382 33.3
1491.0267 44.3
1491.7699 64.4
1493.6493 36.6
1496.1898 16.0
1503.9205 15.2
1506.6888 54.2
1507.3455 6.5
1511.9839 20.9
1514.4524 11.9
1517.0417 19.1
1518.5413 37.2
1519.8427 11.8
1524.7728 56.1
1526.7264 23.7
1527.7299 82.5
1531.3090 70.5
1533.1404 14.2
1534.4860 36.2
1536.6329 126.1
1537.6249 111.2
1538.6929 19.5
1541.6923 18.5
1544.8224 24.2
1546.5886 20.0
1547.2094 8.1
1548.0303 71.9
1548.9302 92.6
1549.8895 66.9
1552.0214 16.0
1553.2933 12.4
1554.7596 1185.0
1555.7408 626.5
1556.7303 387.3
1557.6873 18.4
1558.7621 39.7
1560.0634 126.5
1561.8131 39.7
1562.7128 13.6
1564.7897 378.8
1565.6836 10.0
1566.6154 112.8
1567.7344 14.4
1568.8866 22.4
1570.8473 44.9
1571.9399 8.8
1573.0900 182.2
1574.0499 103.7
1574.9788 24.2
1580.7557 51.4
1582.8295 652.9
1583.7894 387.9
1584.5385 142.8
1586.5096 82.2
1587.3704 54.1
1588.6429 136.3
1591.8416 35.8
1596.9276 16.2
1598.0939 20.8
1603.8741 52.9
1606.6404 32.4
1609.6084 62.2
1612.6642 27.4
1614.8929 60.4
1616.6525 23.1
1623.9063 153.6
1625.1165 94.6
1625.8590 34.2
1626.5314 66.3
1627.7516 12.8
1628.8959 11.7
1630.8566 24.0
1636.3735 10.0
1638.5897 17.6
1640.6393 50.1
1641.6833 207.3
1642.7639 347.7
1643.6263 30.9
1652.1486 14.2
1659.7059 8.2
1660.5935 37.5
1664.9669 21.0
1672.0247 22.1
1675.9104 23.8
1678.0632 14.3
1679.6349 86.6
1680.6464 50.5
1682.3712 72.9
1687.0453 61.7
1687.6584 22.7
1695.7894 724.3
1696.8241 284.9
1697.8870 130.1
1698.8041 58.6
1699.6884 150.2
1700.8489 104.6
1701.8816 29.3
1703.0511 10.5
1705.6740 20.6
1707.6345 24.5
1710.9122 10.6
1715.7932 20.3
1718.8113 32.4
1720.6307 17.8
1724.7600 49.0
1729.9675 26.2
1736.9379 18.5
1740.9772 31.2
1750.1893 68.7
1752.0033 88.8
1755.6252 17.9
1756.6868 19.1
1758.0510 72.2
1758.9833 26.0
1762.6512 28.4
1763.8473 78.8
1767.6198 10.6
1768.7917 12.9
1769.6166 55.3
1772.8583 58.0
1773.8846 137.5
1774.6874 8.9
1777.6935 26.4
1781.5402 36.6
1782.8287 19.9
1785.9769 86.1
1786.8961 135.9
1790.9928 41.3
1792.0631 48.2
1793.1086 14.9
1797.9176 19.3
1799.7645 55.7
1800.9495 8.8
1805.1339 16.6
1808.6726 316.0
1809.5428 165.8
1810.8448 194.3
1811.9493 59.5
1813.1490 51.4
1830.4420 29.4
1833.0208 8.1
1834.0026 57.2
1839.7668 33.0
1845.8412 22.6
1846.9967 79.9
1848.9744 23.4
1850.0399 19.7
1851.1633 31.9
1859.9169 40.0
1862.6886 6.9
1864.3197 11.9
1865.7401 27.5
1866.4435 48.4
1867.2499 64.4
1868.8507 11.3
1869.8777 44.5
1872.3129 44.5
1874.7678 45.1
1883.0090 70.9
1884.0248 186.7
1885.0935 69.7
1887.6976 20.4
1890.0704 32.0
1896.1404 30.8
1899.4281 30.6
1900.8864 900.0
1901.9713 765.7
1902.7784 243.2
1903.4070 8.3
1906.2561 147.7
1907.0089 149.9
1907.9758 81.9
1908.6176 111.0
1915.0123 67.6
1923.9324 783.1
1924.9861 687.2
1925.9850 313.8
1933.6425 35.7
1934.9977 43.5
1939.1970 36.6
1953.3053 35.4
1968.6083 37.9
1983.5687 9.5
1986.3563 37.8
1991.9084 76.8
1996.3207 44.8
1997.2473 77.2
